n, dy(mm), F(kN)
1,     0.112168,     0.008590
2,     0.112508,     0.008720
3,     0.111996,     0.008590
4,     0.112678,     0.008590
5,     0.111996,     0.008590
6,     0.112678,     0.008590
7,     0.112508,     0.008590
8,     0.113020,     0.008590
9,     0.112338,     0.008590
10,     0.113020,     0.008590
11,     0.112678,     0.008590
12,     0.112848,     0.008590
13,     0.112848,     0.008590
14,     0.112848,     0.008590
15,     0.112678,     0.008590
16,     0.112508,     0.008590
17,     0.112678,     0.008590
18,     0.112508,     0.008590
19,     0.112338,     0.008590
20,     0.112338,     0.008590
21,     0.112848,     0.008590
22,     0.112338,     0.008590
23,     0.112678,     0.008590
24,     0.112338,     0.008720
25,     0.112508,     0.008720
26,     0.112848,     0.008720
27,     0.111996,     0.008720
28,     0.112848,     0.008720
29,     0.112338,     0.008720
30,     0.112848,     0.008720
31,     0.112848,     0.008720
32,     0.112848,     0.008850
33,     0.112848,     0.008990
34,     0.112338,     0.009660
35,     0.113190,     0.010330
36,     0.112508,     0.010060
37,     0.113020,     0.009930
38,     0.112508,     0.009930
39,     0.112678,     0.009930
40,     0.112508,     0.009930
41,     0.112338,     0.010060
42,     0.113020,     0.010060
43,     0.112508,     0.010060
44,     0.113190,     0.009930
45,     0.112848,     0.009660
46,     0.113360,     0.009790
47,     0.113020,     0.010870
48,     0.113360,     0.011270
49,     0.113530,     0.011400
50,     0.113020,     0.011540
51,     0.113190,     0.011540
52,     0.112848,     0.011540
53,     0.113190,     0.011540
54,     0.112508,     0.011540
55,     0.113190,     0.011540
56,     0.112508,     0.011400
57,     0.113020,     0.011400
58,     0.113360,     0.011540
59,     0.112848,     0.011540
60,     0.113190,     0.011540
61,     0.112678,     0.011540
62,     0.113530,     0.011540
63,     0.113020,     0.011540
64,     0.113872,     0.011540
65,     0.113190,     0.011540
66,     0.113360,     0.011540
67,     0.113360,     0.011540
68,     0.113020,     0.011540
69,     0.113360,     0.011540
70,     0.112678,     0.011540
71,     0.113190,     0.011540
72,     0.112848,     0.011540
73,     0.112848,     0.011540
74,     0.113190,     0.011540
75,     0.112678,     0.011540
76,     0.113530,     0.011540
77,     0.112848,     0.011540
78,     0.113360,     0.011540
79,     0.113190,     0.011540
80,     0.112848,     0.011540
81,     0.113702,     0.011540
82,     0.113190,     0.011540
83,     0.113360,     0.011670
84,     0.113190,     0.011810
85,     0.113020,     0.011940
86,     0.112848,     0.012080
87,     0.112848,     0.012340
88,     0.113190,     0.012080
89,     0.112678,     0.012080
90,     0.113190,     0.012080
91,     0.112848,     0.012210
92,     0.113360,     0.012080
93,     0.113020,     0.012210
94,     0.112848,     0.012210
95,     0.113360,     0.012210
96,     0.113360,     0.012210
97,     0.113530,     0.012210
98,     0.113360,     0.012210
99,     0.113530,     0.012210
100,     0.113020,     0.012210
101,     0.113360,     0.012340
102,     0.113190,     0.012210
103,     0.113020,     0.012210
104,     0.113190,     0.012210
105,     0.112678,     0.012210
106,     0.113360,     0.012210
107,     0.112678,     0.012210
108,     0.113190,     0.012210
109,     0.112678,     0.012210
110,     0.113190,     0.012340
111,     0.113020,     0.012210
112,     0.113190,     0.012210
113,     0.113530,     0.012210
114,     0.113190,     0.012340
115,     0.113702,     0.012210
116,     0.113020,     0.012210
117,     0.113702,     0.012340
118,     0.113020,     0.012340
119,     0.113360,     0.012340
120,     0.112848,     0.012340
121,     0.112848,     0.012480
122,     0.113020,     0.012610
123,     0.112508,     0.012750
124,     0.113190,     0.012750
125,     0.112848,     0.012880
126,     0.113190,     0.013280
127,     0.112508,     0.014090
128,     0.113530,     0.015030
129,     0.113360,     0.015830
130,     0.113190,     0.017310
131,     0.113360,     0.019190
132,     0.113530,     0.021200
133,     0.113702,     0.023220
134,     0.113530,     0.026170
135,     0.114042,     0.029930
136,     0.113530,     0.033420
137,     0.113872,     0.036910
138,     0.113872,     0.041200
139,     0.114383,     0.046440
140,     0.114042,     0.052750
141,     0.114724,     0.059460
142,     0.114554,     0.066840
143,     0.115065,     0.075570
144,     0.115576,     0.084020
145,     0.115917,     0.092080
146,     0.116258,     0.100670
147,     0.116770,     0.111140
148,     0.117281,     0.120670
149,     0.117452,     0.129390
150,     0.118133,     0.138520
151,     0.117792,     0.148320
152,     0.118645,     0.158920
153,     0.118304,     0.165900
154,     0.119156,     0.178250
155,     0.119156,     0.189930
156,     0.119838,     0.201740
157,     0.119667,     0.213020
158,     0.120691,     0.221870
159,     0.120520,     0.236910
160,     0.120861,     0.249530
161,     0.121543,     0.262410
162,     0.121543,     0.272210
163,     0.122565,     0.290060
164,     0.122395,     0.303080
165,     0.123589,     0.314220
166,     0.123417,     0.326570
167,     0.124441,     0.340930
168,     0.124441,     0.355970
169,     0.124953,     0.369930
170,     0.125293,     0.383220
171,     0.125463,     0.397710
172,     0.125975,     0.410870
173,     0.125975,     0.424420
174,     0.126827,     0.438520
175,     0.126657,     0.454490
176,     0.128021,     0.473280
177,     0.127850,     0.488320
178,     0.129043,     0.502550
179,     0.129214,     0.517310
180,     0.129896,     0.532880
181,     0.130407,     0.549260
182,     0.130748,     0.566440
183,     0.131942,     0.584160
184,     0.132282,     0.601070
185,     0.133306,     0.616370
186,     0.133306,     0.630870
187,     0.134158,     0.648320
188,     0.134498,     0.667110
189,     0.135180,     0.684560
190,     0.135692,     0.701200
191,     0.135862,     0.717040
192,     0.137056,     0.734220
193,     0.136884,     0.749790
194,     0.137737,     0.765630
195,     0.138248,     0.784960
196,     0.139101,     0.801870
197,     0.139612,     0.817980
198,     0.140294,     0.835160
199,     0.141147,     0.852880
200,     0.141487,     0.868450
201,     0.142681,     0.884020
202,     0.142851,     0.900930
203,     0.144045,     0.919460
204,     0.144215,     0.936370
205,     0.144897,     0.952480
206,     0.145409,     0.969790
207,     0.146601,     0.982550
208,     0.146771,     1.005360
209,     0.147113,     1.022140
210,     0.148307,     1.038250
211,     0.148477,     1.051000
212,     0.149841,     1.072480
213,     0.150181,     1.087240
214,     0.151204,     1.101340
215,     0.151204,     1.112080
216,     0.153079,     1.132210
217,     0.153932,     1.145630
218,     0.154954,     1.158380
219,     0.156148,     1.171140
220,     0.156318,     1.183220
221,     0.158022,     1.194630
222,     0.158704,     1.206040
223,     0.160750,     1.216770
224,     0.161602,     1.224160
225,     0.162966,     1.233550
226,     0.164841,     1.240930
227,     0.166035,     1.249660
228,     0.168763,     1.256370
229,     0.170127,     1.263080
230,     0.172513,     1.269790
231,     0.174729,     1.276510
232,     0.177286,     1.282550
233,     0.179161,     1.287910
234,     0.180866,     1.292610
235,     0.183082,     1.298650
236,     0.184956,     1.303350
237,     0.187173,     1.307380
238,     0.188707,     1.312080
239,     0.190923,     1.317440
240,     0.193139,     1.321470
241,     0.194843,     1.325500
242,     0.197060,     1.330200
243,     0.199276,     1.333550
244,     0.201492,     1.337580
245,     0.203196,     1.341610
246,     0.205242,     1.344960
247,     0.207458,     1.349660
248,     0.210186,     1.353020
249,     0.212061,     1.357040
250,     0.213937,     1.361070
251,     0.216323,     1.364420
252,     0.218027,     1.367780
253,     0.220073,     1.371140
254,     0.221437,     1.374490
255,     0.223994,     1.378520
256,     0.225528,     1.381200
257,     0.227404,     1.383890
258,     0.228938,     1.387240
259,     0.230642,     1.391270
260,     0.233199,     1.393950
261,     0.234563,     1.397310
262,     0.236779,     1.400670
263,     0.238313,     1.403350
264,     0.240699,     1.405360
265,     0.241723,     1.408720
266,     0.243427,     1.410730
267,     0.244961,     1.415430
268,     0.247348,     1.418790
269,     0.248542,     1.420800
270,     0.250758,     1.423480
271,     0.252120,     1.426840
272,     0.254166,     1.429530
273,     0.255701,     1.432210
274,     0.257235,     1.434220
275,     0.258940,     1.437580
276,     0.260815,     1.440930
277,     0.262861,     1.442950
278,     0.264053,     1.445630
279,     0.265929,     1.448990
280,     0.267122,     1.451000
281,     0.269338,     1.453690
282,     0.270190,     1.456370
283,     0.272406,     1.459730
284,     0.273430,     1.461740
285,     0.275646,     1.463080
286,     0.275986,     1.466440
287,     0.278202,     1.469790
288,     0.279737,     1.471810
289,     0.281612,     1.474490
290,     0.283146,     1.477180
291,     0.284851,     1.479190
292,     0.286725,     1.482550
293,     0.288601,     1.484560
294,     0.289965,     1.486570
295,     0.291329,     1.489260
296,     0.292522,     1.491940
297,     0.294226,     1.494630
298,     0.295932,     1.496640
299,     0.297294,     1.499320
300,     0.299340,     1.502010
301,     0.300364,     1.504020
302,     0.302068,     1.506040
303,     0.303432,     1.509390
304,     0.305648,     1.511400
305,     0.305989,     1.513420
306,     0.308887,     1.516100
307,     0.309569,     1.518790
308,     0.311614,     1.520130
309,     0.313149,     1.522810
310,     0.314853,     1.526170
311,     0.316217,     1.528180
312,     0.317922,     1.530200
313,     0.319286,     1.532880
314,     0.320648,     1.534220
315,     0.322524,     1.537580
316,     0.323888,     1.539590
317,     0.325934,     1.542280
318,     0.326956,     1.544290
319,     0.328661,     1.545630
320,     0.329513,     1.548320
321,     0.331899,     1.551000
322,     0.332581,     1.553690
323,     0.334969,     1.555700
324,     0.336673,     1.557710
325,     0.338378,     1.559730
326,     0.339571,     1.562410
327,     0.340764,     1.564420
328,     0.342640,     1.567110
329,     0.344004,     1.568450
330,     0.345708,     1.571140
331,     0.347072,     1.573820
332,     0.348776,     1.575160
333,     0.350140,     1.577180
334,     0.352185,     1.579860
335,     0.353209,     1.581870
336,     0.355425,     1.584560
337,     0.356789,     1.587240
338,     0.359175,     1.588590
339,     0.360368,     1.591270
340,     0.361902,     1.592610
341,     0.363436,     1.594630
342,     0.364459,     1.597310
343,     0.366504,     1.600670
344,     0.367698,     1.602680
345,     0.369914,     1.603350
346,     0.370596,     1.604690
347,     0.372982,     1.607380
348,     0.374005,     1.609390
349,     0.375881,     1.612080
350,     0.377585,     1.614760
351,     0.379461,     1.616770
352,     0.380823,     1.618120
353,     0.382529,     1.620130
354,     0.384745,     1.622140
355,     0.385427,     1.624830
356,     0.387814,     1.626840
357,     0.388666,     1.628850
358,     0.391052,     1.630870
359,     0.392074,     1.632880
360,     0.393950,     1.634220
361,     0.395314,     1.635570
362,     0.397018,     1.638920
363,     0.398553,     1.642280
364,     0.400087,     1.642950
365,     0.401451,     1.642950
366,     0.402985,     1.646300
367,     0.405712,     1.648320
368,     0.406053,     1.649660
369,     0.408951,     1.651670
370,     0.409974,     1.655700
371,     0.412020,     1.657040
372,     0.413554,     1.657710
373,     0.415088,     1.659730
374,     0.416282,     1.661070
375,     0.417816,     1.664420
376,     0.419861,     1.665770
377,     0.421395,     1.667110
378,     0.423611,     1.669790
379,     0.424805,     1.673150
380,     0.427191,     1.672480
381,     0.428385,     1.673820
382,     0.430941,     1.676510
383,     0.431964,     1.679190
384,     0.434010,     1.680530
385,     0.435204,     1.683220
386,     0.437248,     1.684560
387,     0.438954,     1.685900
388,     0.440317,     1.686570
389,     0.441340,     1.688590
390,     0.442874,     1.691270
391,     0.445091,     1.693950
392,     0.446795,     1.693950
393,     0.448671,     1.695300
394,     0.450033,     1.697980
395,     0.451227,     1.699320
396,     0.453443,     1.702010
397,     0.456000,     1.703350
398,     0.457534,     1.706040
399,     0.459922,     1.707380
400,     0.460602,     1.707380
401,     0.462648,     1.709390
402,     0.464353,     1.712750
403,     0.466569,     1.713420
404,     0.467421,     1.714090
405,     0.469127,     1.716100
406,     0.470319,     1.718790
407,     0.472707,     1.720800
408,     0.474581,     1.720800
409,     0.475945,     1.721470
410,     0.476797,     1.724160
411,     0.479525,     1.728180
412,     0.482252,     1.728180
413,     0.483446,     1.728850
414,     0.486002,     1.730870
415,     0.487026,     1.732880
416,     0.489071,     1.734220
417,     0.490435,     1.736240
418,     0.492991,     1.738250
419,     0.494355,     1.738920
420,     0.496401,     1.740260
421,     0.497253,     1.740930
422,     0.499129,     1.743620
423,     0.501345,     1.745630
424,     0.503560,     1.746300
425,     0.504754,     1.747650
426,     0.507140,     1.750330
427,     0.509186,     1.751000
428,     0.511232,     1.751670
429,     0.512936,     1.753020
430,     0.513789,     1.755700
431,     0.516687,     1.757040
432,     0.518391,     1.757710
433,     0.520267,     1.759730
434,     0.522141,     1.761070
435,     0.523846,     1.763080
436,     0.525210,     1.763750
437,     0.527085,     1.765100
438,     0.529130,     1.769120
439,     0.531858,     1.767780
440,     0.533392,     1.768450
441,     0.534586,     1.769790
442,     0.536802,     1.771810
443,     0.539189,     1.773820
444,     0.541235,     1.774490
445,     0.543449,     1.775160
446,     0.544813,     1.777850
447,     0.546859,     1.779190
448,     0.548564,     1.779190
449,     0.550780,     1.781200
450,     0.552656,     1.784560
451,     0.554020,     1.783890
452,     0.555894,     1.783890
453,     0.558110,     1.786570
454,     0.559985,     1.787240
455,     0.561861,     1.787910
456,     0.564077,     1.789930
457,     0.565951,     1.791940
458,     0.568679,     1.793280
459,     0.570384,     1.793280
460,     0.572941,     1.793950
461,     0.573964,     1.795970
462,     0.576350,     1.797310
463,     0.577884,     1.798650
464,     0.580100,     1.800670
465,     0.581976,     1.801340
466,     0.584021,     1.801340
467,     0.585385,     1.802010
468,     0.587943,     1.803350
469,     0.589987,     1.805360
470,     0.592203,     1.806710
471,     0.593909,     1.807380
472,     0.596806,     1.808050
473,     0.598340,     1.809390
474,     0.601238,     1.811400
475,     0.602772,     1.812080
476,     0.605159,     1.812080
477,     0.606523,     1.814090
478,     0.609591,     1.816100
479,     0.611297,     1.815430
480,     0.613341,     1.815430
481,     0.614705,     1.817440
482,     0.617433,     1.820130
483,     0.619478,     1.820130
484,     0.622206,     1.820130
485,     0.623910,     1.822140
486,     0.626298,     1.824160
487,     0.628343,     1.823480
488,     0.631071,     1.822810
489,     0.632775,     1.824830
490,     0.634821,     1.827510
491,     0.636185,     1.829530
492,     0.639253,     1.828180
493,     0.641298,     1.829530
494,     0.643685,     1.830200
495,     0.645390,     1.831540
496,     0.647436,     1.831540
497,     0.649822,     1.832880
498,     0.651868,     1.834220
499,     0.654595,     1.834890
500,     0.656981,     1.835570
501,     0.659027,     1.836910
502,     0.661413,     1.837580
503,     0.664141,     1.838250
504,     0.665505,     1.840260
505,     0.668914,     1.840260
506,     0.670618,     1.840930
507,     0.673688,     1.840930
508,     0.675392,     1.840930
509,     0.677779,     1.842950
510,     0.679825,     1.844960
511,     0.682551,     1.844290
512,     0.684597,     1.844960
513,     0.687666,     1.845630
514,     0.689370,     1.845630
515,     0.692438,     1.847650
516,     0.694144,     1.848320
517,     0.697212,     1.848990
518,     0.699598,     1.851000
519,     0.702667,     1.850330
520,     0.704371,     1.849660
521,     0.707439,     1.850330
522,     0.709145,     1.852340
523,     0.712213,     1.853690
524,     0.714258,     1.853690
525,     0.716986,     1.853690
526,     0.719032,     1.853690
527,     0.722100,     1.853690
528,     0.724146,     1.854360
529,     0.726873,     1.856370
530,     0.728919,     1.857040
531,     0.731647,     1.857040
532,     0.735056,     1.856370
533,     0.737784,     1.857040
534,     0.739828,     1.858380
535,     0.742897,     1.857710
536,     0.744602,     1.858380
537,     0.747671,     1.859730
538,     0.749717,     1.860400
539,     0.752785,     1.860400
540,     0.755171,     1.860400
541,     0.758580,     1.861070
542,     0.761308,     1.860400
543,     0.764036,     1.860400
544,     0.766762,     1.861070
545,     0.770172,     1.861740
546,     0.773241,     1.863080
547,     0.776309,     1.861070
548,     0.778695,     1.861070
549,     0.781082,     1.861070
550,     0.784150,     1.862410
551,     0.786536,     1.863080
552,     0.789606,     1.862410
553,     0.791992,     1.862410
554,     0.795401,     1.862410
555,     0.798129,     1.861740
556,     0.801538,     1.862410
557,     0.803925,     1.862410
558,     0.807675,     1.862410
559,     0.810402,     1.861070
560,     0.814152,     1.861070
561,     0.816539,     1.861740
562,     0.820289,     1.861070
563,     0.823017,     1.860400
564,     0.826426,     1.859730
565,     0.829154,     1.859060
566,     0.832222,     1.858380
567,     0.835290,     1.857710
568,     0.837677,     1.857710
569,     0.841087,     1.858380
570,     0.844837,     1.859060
571,     0.847223,     1.857040
572,     0.851314,     1.854360
573,     0.855064,     1.855030
574,     0.858134,     1.853690
575,     0.861884,     1.852340
576,     0.864271,     1.852340
577,     0.868021,     1.853690
578,     0.871089,     1.851000
579,     0.874498,     1.848990
580,     0.877226,     1.848320
581,     0.881316,     1.849660
582,     0.883704,     1.847650
583,     0.887795,     1.846300
584,     0.890863,     1.844290
585,     0.894954,     1.842950
586,     0.898023,     1.841610
587,     0.902114,     1.840930
588,     0.904842,     1.839590
589,     0.907228,     1.840260
590,     0.912001,     1.837580
591,     0.915411,     1.836240
592,     0.918479,     1.835570
593,     0.921548,     1.835570
594,     0.925980,     1.832210
595,     0.929389,     1.828180
596,     0.931775,     1.828180
597,     0.934503,     1.830870
598,     0.938935,     1.827510
599,     0.942344,     1.824830
600,     0.945754,     1.822810
601,     0.949844,     1.822810
602,     0.953254,     1.820130
603,     0.955641,     1.818790
604,     0.960413,     1.818120
605,     0.964846,     1.816770
606,     0.967914,     1.813420
607,     0.970982,     1.812080
608,     0.974052,     1.811400
609,     0.978142,     1.809390
610,     0.981211,     1.807380
611,     0.984279,     1.804690
612,     0.987007,     1.804690
613,     0.991439,     1.804690
614,     0.995530,     1.800670
615,     0.998940,     1.797310
616,     1.000644,     1.795970
617,     1.006099,     1.796640
618,     1.009167,     1.794630
619,     1.013259,     1.791270
620,     1.014964,     1.790600
621,     1.020418,     1.788590
622,     1.023146,     1.785230
623,     1.026896,     1.783890
624,     1.029965,     1.784560
625,     1.034055,     1.781870
626,     1.037465,     1.777180
627,     1.040874,     1.775160
628,     1.044284,     1.774490
629,     1.048375,     1.774490
630,     1.052125,     1.770460
631,     1.055875,     1.767780
632,     1.058944,     1.767110
633,     1.063376,     1.765100
634,     1.065422,     1.762410
635,     1.069854,     1.761070
636,     1.073263,     1.759060
637,     1.076673,     1.757040
638,     1.079741,     1.753690
639,     1.083150,     1.753020
640,     1.086220,     1.751670
641,     1.089970,     1.748990
642,     1.094061,     1.745630
643,     1.097470,     1.744960
644,     1.101219,     1.742950
645,     1.104970,     1.740930
646,     1.109402,     1.736910
647,     1.112812,     1.734890
648,     1.116562,     1.734220
649,     1.119971,     1.731540
650,     1.123381,     1.728180
651,     1.126449,     1.726170
652,     1.129859,     1.725500
653,     1.132586,     1.723480
654,     1.136678,     1.720130
655,     1.139746,     1.718120
656,     1.144179,     1.716100
657,     1.147929,     1.712750
658,     1.151679,     1.710060
659,     1.153383,     1.708720
660,     1.159520,     1.706710
661,     1.162588,     1.704020
662,     1.164975,     1.701340
663,     1.169067,     1.700000
664,     1.172475,     1.701340
665,     1.176567,     1.693950
666,     1.180998,     1.690600
667,     1.183386,     1.689260
668,     1.187136,     1.687910
669,     1.190545,     1.685230
670,     1.194637,     1.682550
671,     1.197023,     1.680530
672,     1.202478,     1.678520
673,     1.205546,     1.674490
674,     1.209467,     1.672480
675,     1.212877,     1.671140
676,     1.217137,     1.669790
677,     1.220547,     1.663750
678,     1.223957,     1.661070
679,     1.227366,     1.660400
680,     1.229923,     1.659730
681,     1.234185,     1.653690
682,     1.236742,     1.651670
683,     1.241003,     1.651670
684,     1.244413,     1.649660
685,     1.249527,     1.644290
686,     1.252084,     1.641610
687,     1.256346,     1.640260
688,     1.260607,     1.637580
689,     1.262313,     1.634220
690,     1.266573,     1.632210
691,     1.269983,     1.630200
692,     1.274244,     1.628180
693,     1.277654,     1.623480
694,     1.281916,     1.618790
695,     1.284473,     1.618120
696,     1.287029,     1.618790
697,     1.292996,     1.614090
698,     1.296406,     1.609390
699,     1.298962,     1.608050
700,     1.303224,     1.606040
701,     1.307486,     1.602680
702,     1.309191,     1.600000
703,     1.313452,     1.597980
704,     1.316862,     1.595970
705,     1.321124,     1.591940
706,     1.325384,     1.587910
707,     1.327942,     1.585900
708,     1.331351,     1.583890
709,     1.336465,     1.580530
710,     1.339875,     1.576510
711,     1.343284,     1.575160
712,     1.347546,     1.572480
713,     1.350955,     1.567780
714,     1.355217,     1.565100
715,     1.358626,     1.563080
716,     1.361183,     1.560400
717,     1.365445,     1.557710
718,     1.368854,     1.553690
719,     1.373116,     1.550330
720,     1.375673,     1.548990
721,     1.379083,     1.545630
722,     1.383344,     1.542280
723,     1.385901,     1.540260
724,     1.391868,     1.535570
725,     1.393572,     1.532210
726,     1.398686,     1.527510
727,     1.402095,     1.526840
728,     1.407209,     1.521470
729,     1.411471,     1.516100
730,     1.414028,     1.512080
731,     1.417438,     1.508720
732,     1.422551,     1.502010
733,     1.426813,     1.489930
734,     1.432780,     1.465770
735,     4.831051,     0.012080
736,     4.415110,     0.012080
737,     4.447499,     0.011400
738,     4.452613,     0.010730
739,     4.456022,     0.010730
740,     4.462841,     0.010460
741,     4.467955,     0.010200
742,     4.473069,     0.010200
743,     4.478184,     0.010200
744,     4.481592,     0.010200
745,     4.486706,     0.009930
746,     4.490117,     0.010200
747,     4.495231,     0.010060
748,     4.496935,     0.010200
749,     4.496935,     0.010060
750,     4.498640,     0.010060
751,     4.498640,     0.010060
752,     4.498640,     0.010060
753,     4.498640,     0.010060
754,     4.500344,     0.010060
755,     4.500344,     0.010060
756,     4.500344,     0.010060
757,     4.500344,     0.009930
758,     4.500344,     0.010060
759,     4.500344,     0.009930
760,     4.502049,     0.009930