n, dy(mm), F(kN)
1,     2.421492,     0.006300
2,     2.422344,     0.006170
3,     2.421492,     0.006300
4,     2.421492,     0.006300
5,     2.422344,     0.006300
6,     2.422344,     0.006300
7,     2.422344,     0.006300
8,     2.421492,     0.006300
9,     2.421492,     0.006300
10,     2.421492,     0.006300
11,     2.422344,     0.006300
12,     2.421492,     0.006300
13,     2.421492,     0.006300
14,     2.421492,     0.006300
15,     2.422344,     0.006300
16,     2.422344,     0.006170
17,     2.422344,     0.006170
18,     2.421492,     0.006170
19,     2.422344,     0.006300
20,     2.422344,     0.006300
21,     2.422344,     0.006300
22,     2.422344,     0.006300
23,     2.422344,     0.006300
24,     2.421492,     0.006300
25,     2.421492,     0.006300
26,     2.421492,     0.006300
27,     2.421492,     0.006300
28,     2.421492,     0.006170
29,     2.421492,     0.006300
30,     2.422344,     0.006300
31,     2.422344,     0.006300
32,     2.422344,     0.006300
33,     2.422344,     0.006170
34,     2.422344,     0.006300
35,     2.423197,     0.005770
36,     2.422344,     0.005360
37,     2.422344,     0.005500
38,     2.421492,     0.005630
39,     2.429163,     0.007780
40,     2.292789,     0.005230
41,     2.251876,     0.006040
42,     2.214373,     0.005900
43,     2.039644,     0.006170
44,     2.064362,     0.006170
45,     1.942477,     0.006570
46,     1.755816,     0.005630
47,     1.755816,     0.006710
48,     1.724279,     0.005630
49,     1.674844,     0.006170
50,     1.812070,     0.008450
51,     1.838492,     0.006710
52,     1.838492,     0.007110
53,     1.855540,     0.005500
54,     1.861506,     0.005500
55,     1.863210,     0.006840
56,     1.865767,     0.005360
57,     1.865767,     0.006300
58,     1.869177,     0.007240
59,     1.633079,     0.006300
60,     1.565745,     0.004160
61,     1.494149,     0.004560
62,     1.473691,     0.003750
63,     1.454088,     0.005900
64,     1.503524,     0.005630
65,     1.500967,     0.005360
66,     1.477953,     0.006040
67,     1.471135,     0.006040
68,     1.468578,     0.006040
69,     1.481364,     0.005360
70,     1.479658,     0.005230
71,     1.482216,     0.005100
72,     1.483068,     0.005230
73,     1.481364,     0.004960
74,     1.458350,     0.004960
75,     0.357981,     0.004960
76,     0.363948,     0.005100
77,     0.371618,     0.005100
78,     0.388666,     0.004830
79,     0.438954,     0.005360
80,     0.661413,     0.007510
81,     0.665846,     0.007380
82,     0.665846,     0.005770
83,     0.661413,     0.005500
84,     0.616751,     0.005900
85,     0.608228,     0.006570
86,     0.612659,     0.006570
87,     0.617092,     0.006440
88,     0.615387,     0.006570
89,     0.621866,     0.006440
90,     0.631071,     0.007240
91,     0.619478,     0.006440
92,     0.607887,     0.007650
93,     0.609251,     0.006170
94,     0.609251,     0.006300
95,     0.608569,     0.007380
96,     0.613001,     0.006710
97,     0.613001,     0.005770
98,     0.536631,     0.006710
99,     0.215471,     0.004960
100,     0.214107,     0.005360
101,     0.208652,     0.004830
102,     0.233199,     0.006570
103,     0.275134,     0.006300
104,     0.274794,     0.006570
105,     0.228426,     0.006170
106,     0.215981,     0.006970
107,     0.221607,     0.006440
108,     0.224335,     0.006440
109,     0.185127,     0.006840
110,     0.166887,     0.007110
111,     0.166205,     0.006710
112,     0.165353,     0.006300
113,     0.165694,     0.006170
114,     0.168251,     0.006300
115,     0.168251,     0.006300
116,     0.166887,     0.007380
117,     0.184956,     0.006300
118,     0.195185,     0.005900
119,     0.191947,     0.005770
120,     0.238995,     0.005360
121,     0.219903,     0.005500
122,     0.134668,     0.005500
123,     0.147625,     0.006040
124,     0.144727,     0.005900
125,     0.143363,     0.006300
126,     0.141658,     0.006170
127,     0.137226,     0.004690
128,     0.133306,     0.004290
129,     0.130237,     0.004160
130,     0.135692,     0.006970
131,     0.126487,     0.005900
132,     0.120691,     0.005100
133,     0.124099,     0.005230
134,     0.126487,     0.005230
135,     0.120691,     0.006040
136,     0.125463,     0.004830
137,     0.120009,     0.005230
138,     0.116599,     0.005770
139,     0.117963,     0.005500
140,     0.118815,     0.005630
141,     0.115917,     0.005630
142,     0.113190,     0.005630
143,     0.118645,     0.006710
144,     0.118815,     0.005900
145,     0.114894,     0.005630
146,     0.115576,     0.006440
147,     0.113872,     0.005360
148,     0.117281,     0.005360
149,     0.111314,     0.005630
150,     0.107394,     0.005770
151,     0.106371,     0.005770
152,     0.120520,     0.006970
153,     0.119667,     0.006840
154,     0.123417,     0.006300
155,     0.119667,     0.005630
156,     0.116770,     0.005360
157,     0.118304,     0.005770
158,     0.118474,     0.006570
159,     0.123077,     0.006710
160,     0.118645,     0.006040
161,     0.114383,     0.006040
162,     0.116599,     0.006440
163,     0.118986,     0.006840
164,     0.119497,     0.006300
165,     0.118815,     0.006040
166,     0.120349,     0.006300
167,     0.118133,     0.006300
168,     0.117792,     0.006710
169,     0.119156,     0.006170
170,     0.120009,     0.005770
171,     0.116088,     0.005360
172,     0.116429,     0.005500
173,     0.117281,     0.005770
174,     0.118645,     0.005900
175,     0.117792,     0.006040
176,     0.116429,     0.005100
177,     0.116429,     0.006300
178,     0.113872,     0.005770
179,     0.122565,     0.006040
180,     0.116088,     0.006840
181,     0.121713,     0.006040
182,     0.129725,     0.005100
183,     0.125123,     0.005230
184,     0.124611,     0.005230
185,     0.124953,     0.005230
186,     0.124611,     0.005230
187,     0.124953,     0.005230
188,     0.124611,     0.005230
189,     0.124953,     0.005230
190,     0.124953,     0.005230
191,     0.124781,     0.005230
192,     0.124953,     0.005230
193,     0.125293,     0.005230
194,     0.125293,     0.005230
195,     0.125123,     0.005230
196,     0.125293,     0.005230
197,     0.125293,     0.005230
198,     0.124441,     0.005230
199,     0.124953,     0.005230
200,     0.124441,     0.005230
201,     0.124099,     0.005230
202,     0.124611,     0.005230
203,     0.124781,     0.005360
204,     0.125633,     0.005230
205,     0.125123,     0.005230
206,     0.125633,     0.005230
207,     0.124611,     0.005230
208,     0.125293,     0.005230
209,     0.124441,     0.005230
210,     0.124781,     0.005360
211,     0.124611,     0.005500
212,     0.124611,     0.005630
213,     0.124611,     0.006440
214,     0.124953,     0.008990
215,     0.124953,     0.009120
216,     0.124271,     0.009120
217,     0.124271,     0.009120
218,     0.124781,     0.009120
219,     0.124781,     0.009120
220,     0.124611,     0.009120
221,     0.124781,     0.009260
222,     0.125123,     0.009260
223,     0.125463,     0.009260
224,     0.125293,     0.009390
225,     0.125463,     0.009390
226,     0.125293,     0.009390
227,     0.124611,     0.009390
228,     0.125293,     0.009390
229,     0.124953,     0.009390
230,     0.125123,     0.009390
231,     0.124953,     0.009390
232,     0.124611,     0.009390
233,     0.124611,     0.009390
234,     0.124781,     0.009390
235,     0.124953,     0.009390
236,     0.124781,     0.009390
237,     0.124781,     0.009390
238,     0.124611,     0.009530
239,     0.124441,     0.009790
240,     0.124953,     0.009930
241,     0.124953,     0.010060
242,     0.124953,     0.010060
243,     0.124781,     0.010060
244,     0.124611,     0.010060
245,     0.124441,     0.009930
246,     0.124441,     0.010060
247,     0.124441,     0.010060
248,     0.124441,     0.009930
249,     0.124441,     0.009930
250,     0.124441,     0.009930
251,     0.124271,     0.009930
252,     0.124441,     0.009930
253,     0.125123,     0.009930
254,     0.124611,     0.009930
255,     0.124781,     0.009930
256,     0.125123,     0.009930
257,     0.124953,     0.009930
258,     0.124953,     0.009930
259,     0.124953,     0.009930
260,     0.125293,     0.009790
261,     0.124953,     0.009790
262,     0.124953,     0.009790
263,     0.124953,     0.009790
264,     0.124781,     0.009660
265,     0.124781,     0.009790
266,     0.124781,     0.009660
267,     0.124781,     0.009660
268,     0.124781,     0.009660
269,     0.125123,     0.009660
270,     0.124611,     0.009790
271,     0.125123,     0.009790
272,     0.124953,     0.009930
273,     0.125123,     0.010060
274,     0.124953,     0.011000
275,     0.125123,     0.011810
276,     0.125293,     0.011810
277,     0.124271,     0.011810
278,     0.124271,     0.011810
279,     0.124441,     0.011810
280,     0.124271,     0.011810
281,     0.124781,     0.011940
282,     0.124271,     0.011810
283,     0.124099,     0.011810
284,     0.124271,     0.011810
285,     0.124271,     0.011810
286,     0.124611,     0.011810
287,     0.124611,     0.011810
288,     0.124441,     0.011810
289,     0.124953,     0.011810
290,     0.124611,     0.011810
291,     0.124611,     0.011810
292,     0.124611,     0.011810
293,     0.124953,     0.011810
294,     0.124611,     0.011810
295,     0.124611,     0.011810
296,     0.124441,     0.011810
297,     0.124611,     0.011810
298,     0.124271,     0.011810
299,     0.124953,     0.011810
300,     0.124953,     0.011810
301,     0.124099,     0.011810
302,     0.124441,     0.011810
303,     0.124781,     0.011940
304,     0.125293,     0.011810
305,     0.124953,     0.011810
306,     0.124781,     0.011810
307,     0.125123,     0.011810
308,     0.125123,     0.011810
309,     0.124781,     0.011810
310,     0.124611,     0.011810
311,     0.124611,     0.011810
312,     0.124953,     0.011810
313,     0.124441,     0.011940
314,     0.124611,     0.012480
315,     0.124611,     0.012610
316,     0.124953,     0.012750
317,     0.124611,     0.012480
318,     0.124781,     0.012480
319,     0.125123,     0.012480
320,     0.124953,     0.012480
321,     0.124611,     0.012480
322,     0.124611,     0.012480
323,     0.124441,     0.012480
324,     0.125123,     0.012480
325,     0.125123,     0.012610
326,     0.124953,     0.012480
327,     0.124953,     0.012610
328,     0.124953,     0.012610
329,     0.124099,     0.012610
330,     0.124781,     0.012610
331,     0.124441,     0.012610
332,     0.124611,     0.012610
333,     0.124611,     0.012610
334,     0.124611,     0.012610
335,     0.124781,     0.012610
336,     0.124781,     0.012610
337,     0.124441,     0.012610
338,     0.124781,     0.012610
339,     0.125293,     0.012610
340,     0.124271,     0.012610
341,     0.124441,     0.012610
342,     0.124781,     0.012750
343,     0.125123,     0.012610
344,     0.124781,     0.012750
345,     0.124781,     0.012750
346,     0.124441,     0.012750
347,     0.124953,     0.012750
348,     0.124953,     0.012750
349,     0.124953,     0.012750
350,     0.124611,     0.012750
351,     0.124953,     0.012750
352,     0.124781,     0.012880
353,     0.124953,     0.013020
354,     0.124781,     0.013550
355,     0.124781,     0.015030
356,     0.124441,     0.017580
357,     0.124441,     0.022810
358,     0.124441,     0.029660
359,     0.124611,     0.036240
360,     0.124611,     0.043220
361,     0.124271,     0.048720
362,     0.123929,     0.056100
363,     0.124781,     0.068320
364,     0.124441,     0.077710
365,     0.124781,     0.089790
366,     0.124953,     0.101740
367,     0.125463,     0.114220
368,     0.125633,     0.128180
369,     0.126145,     0.144160
370,     0.125633,     0.155570
371,     0.126487,     0.174890
372,     0.126657,     0.192480
373,     0.126997,     0.215570
374,     0.127339,     0.228850
375,     0.128021,     0.250200
376,     0.127850,     0.263750
377,     0.128191,     0.283890
378,     0.128873,     0.302140
379,     0.129214,     0.320260
380,     0.129555,     0.339460
381,     0.130066,     0.358380
382,     0.130407,     0.377180
383,     0.130578,     0.394760
384,     0.131430,     0.416640
385,     0.132112,     0.442550
386,     0.132282,     0.470600
387,     0.132794,     0.485630
388,     0.132624,     0.501200
389,     0.133306,     0.527510
390,     0.133646,     0.548990
391,     0.133816,     0.570200
392,     0.134498,     0.590870
393,     0.134668,     0.613950
394,     0.135350,     0.637040
395,     0.135692,     0.656910
396,     0.136032,     0.678650
397,     0.136714,     0.704160
398,     0.136544,     0.732610
399,     0.137566,     0.748720
400,     0.138248,     0.772610
401,     0.138419,     0.797580
402,     0.138760,     0.820400
403,     0.138419,     0.847780
404,     0.138930,     0.864690
405,     0.139953,     0.882950
406,     0.140635,     0.914360
407,     0.140465,     0.941470
408,     0.141147,     0.963080
409,     0.141317,     0.980530
410,     0.141658,     1.005360
411,     0.142510,     1.029530
412,     0.142681,     1.061070
413,     0.143192,     1.078520
414,     0.144215,     1.104020
415,     0.144215,     1.126840
416,     0.144897,     1.151670
417,     0.144727,     1.183890
418,     0.144897,     1.201340
419,     0.145409,     1.222810
420,     0.146261,     1.245630
421,     0.146431,     1.272480
422,     0.147283,     1.303350
423,     0.147625,     1.319460
424,     0.147795,     1.341610
425,     0.148647,     1.365770
426,     0.149329,     1.391270
427,     0.149669,     1.420130
428,     0.150181,     1.439590
429,     0.150863,     1.465770
430,     0.150863,     1.490600
431,     0.151375,     1.512080
432,     0.152227,     1.528850
433,     0.152227,     1.561740
434,     0.152909,     1.592610
435,     0.152738,     1.611400
436,     0.153591,     1.633550
437,     0.154102,     1.657040
438,     0.154614,     1.684560
439,     0.155806,     1.712080
440,     0.155806,     1.726840
441,     0.156660,     1.752340
442,     0.156830,     1.776510
443,     0.157342,     1.798650
444,     0.157852,     1.826840
445,     0.158194,     1.846300
446,     0.158534,     1.871810
447,     0.158876,     1.892610
448,     0.159556,     1.914760
449,     0.161092,     1.946970
450,     0.160920,     1.963080
451,     0.160750,     1.978520
452,     0.161944,     2.007380
453,     0.162796,     2.038250
454,     0.163478,     2.056370
455,     0.164160,     2.079860
456,     0.164330,     2.100000
457,     0.164841,     2.124160
458,     0.165012,     2.156370
459,     0.165523,     2.171810
460,     0.166376,     2.193950
461,     0.167229,     2.223480
462,     0.167569,     2.242950
463,     0.168421,     2.263080
464,     0.168933,     2.285230
465,     0.169445,     2.305360
466,     0.170127,     2.327510
467,     0.170979,     2.350330
468,     0.171319,     2.370460
469,     0.171661,     2.398650
470,     0.172853,     2.417440
471,     0.173195,     2.437580
472,     0.173706,     2.461740
473,     0.174387,     2.476510
474,     0.175240,     2.496640
475,     0.176433,     2.519460
476,     0.177456,     2.530200
477,     0.178479,     2.546300
478,     0.180014,     2.561070
479,     0.182230,     2.569120
480,     0.184786,     2.574490
481,     0.188366,     2.573150
482,     0.191947,     2.567780
483,     0.196207,     2.558380
484,     0.198594,     2.555700
485,     0.201492,     2.554360
486,     0.205412,     2.553020
487,     0.209504,     2.550330
488,     0.213425,     2.543620
489,     0.217005,     2.540930
490,     0.220243,     2.538250
491,     0.223824,     2.535570
492,     0.227062,     2.530200
493,     0.230642,     2.528850
494,     0.235074,     2.528850
495,     0.237973,     2.523480
496,     0.241381,     2.516770
497,     0.246496,     2.514090
498,     0.248370,     2.512750
499,     0.252120,     2.510060
500,     0.257235,     2.506040
501,     0.259792,     2.504690
502,     0.263713,     2.500670
503,     0.268145,     2.492610
504,     0.270361,     2.489930
505,     0.273940,     2.488590
506,     0.277520,     2.488590
507,     0.280930,     2.481870
508,     0.284681,     2.477850
509,     0.287919,     2.473820
510,     0.291669,     2.472480
511,     0.296442,     2.468450
512,     0.299682,     2.465770
513,     0.303602,     2.461740
514,     0.305477,     2.460400
515,     0.311273,     2.453690
516,     0.314683,     2.449660
517,     0.318944,     2.445630
518,     0.320820,     2.442950
519,     0.324570,     2.440260
520,     0.327979,     2.436240
521,     0.332071,     2.436240
522,     0.335139,     2.430870
523,     0.339741,     2.424160
524,     0.343492,     2.420130
525,     0.347753,     2.417440
526,     0.351163,     2.417440
527,     0.355083,     2.409390
528,     0.359175,     2.405360
529,     0.362073,     2.404020
530,     0.365482,     2.398650
531,     0.369062,     2.393280
532,     0.372471,     2.391940
533,     0.377927,     2.387910
534,     0.380823,     2.385230
535,     0.384574,     2.378520
536,     0.388154,     2.374490
537,     0.391222,     2.371810
538,     0.394802,     2.369120
539,     0.398553,     2.365100
540,     0.401621,     2.361070
541,     0.406223,     2.357040
542,     0.410144,     2.351670
543,     0.415088,     2.344960
544,     0.417304,     2.342280
545,     0.420884,     2.339590
546,     0.425145,     2.335570
547,     0.429237,     2.331540
548,     0.433498,     2.324830
549,     0.436738,     2.322140
550,     0.440488,     2.316770
551,     0.444238,     2.312750
552,     0.447647,     2.310060
553,     0.452079,     2.307380
554,     0.455148,     2.300670
555,     0.460432,     2.295300
556,     0.462990,     2.292610
557,     0.466228,     2.287240
558,     0.470149,     2.283220
559,     0.473899,     2.277850
560,     0.477479,     2.275160
561,     0.481230,     2.272480
562,     0.486172,     2.264420
563,     0.488730,     2.260400
564,     0.492310,     2.257710
565,     0.496401,     2.255030
566,     0.500492,     2.246970
567,     0.504072,     2.242950
568,     0.508334,     2.238920
569,     0.511914,     2.233550
570,     0.515835,     2.226840
571,     0.519073,     2.221470
572,     0.522483,     2.218790
573,     0.526744,     2.217440
574,     0.531006,     2.210730
575,     0.534586,     2.204020
576,     0.538507,     2.200000
577,     0.542427,     2.195300
578,     0.546007,     2.189930
579,     0.549587,     2.184560
580,     0.554020,     2.179860
581,     0.557088,     2.176510
582,     0.562372,     2.170460
583,     0.565099,     2.164420
584,     0.569020,     2.160400
585,     0.572770,     2.155700
586,     0.577202,     2.151000
587,     0.580612,     2.144960
588,     0.585555,     2.139590
589,     0.588625,     2.134890
590,     0.592715,     2.126840
591,     0.595784,     2.122810
592,     0.600046,     2.118120
593,     0.602602,     2.114760
594,     0.607205,     2.108720
595,     0.611297,     2.103350
596,     0.614705,     2.098650
597,     0.620842,     2.091270
598,     0.622548,     2.086570
599,     0.626638,     2.081870
600,     0.630389,     2.076510
601,     0.634479,     2.071140
602,     0.639594,     2.063080
603,     0.642322,     2.058380
604,     0.646412,     2.053690
605,     0.650504,     2.048320
606,     0.654254,     2.040260
607,     0.659709,     2.032210
608,     0.662777,     2.030870
609,     0.667210,     2.024830
610,     0.670960,     2.016100
611,     0.674710,     2.009390
612,     0.678801,     2.005360
613,     0.682211,     2.000670
614,     0.685961,     1.993280
615,     0.690394,     1.987910
616,     0.694484,     1.979860
617,     0.698576,     1.972480
618,     0.701985,     1.966440
619,     0.706417,     1.961070
620,     0.710849,     1.954360
621,     0.714940,     1.946300
622,     0.716986,     1.941610
623,     0.722782,     1.932880
624,     0.727215,     1.927510
625,     0.731305,     1.919460
626,     0.735056,     1.911400
627,     0.739146,     1.905360
628,     0.745284,     1.893950
629,     0.748353,     1.883890
630,     0.751421,     1.874490
631,     5.531672,     0.013420
632,     3.857682,     0.012080
633,     4.200322,     0.011400
634,     4.403177,     0.010730
635,     4.447499,     0.010730
636,     4.490117,     0.010460
637,     4.505458,     0.010460
638,     4.503754,     0.010460
639,     4.531028,     0.010200
640,     4.536142,     0.010200
641,     4.534438,     0.010330
642,     4.539551,     0.010330
643,     4.553190,     0.010200
644,     4.553190,     0.010200
645,     4.558302,     0.010200
646,     4.570236,     0.010200
647,     4.575350,     0.010200
648,     4.573646,     0.010060
649,     4.582169,     0.010060
650,     4.599216,     0.010060
651,     4.648651,     0.010060